batch_size: 32
br_size: 128
dropout: 0.04302142334507254
fc_hidden_size: 64
input_dropout: 0.02765085412069212
l1_lambda: 1.0254795637725782e-05
l2_lambda: 2.702996244927854e-05
learning_rate: 0.0009987185656430623
seq_hidden_size: 128
seq_num_layers: 1
window_size: 21

