batch_size: 32
br_size: 128
dropout: 0.23720628386905337
fc_hidden_size: 64
input_dropout: 0.0024199108143088052
l1_lambda: 4.780834949437411e-05
l2_lambda: 0.008134470192732808
learning_rate: 0.00527538116096971
seq_hidden_size: 128
seq_num_layers: 1
window_size: 14
